47 75
694513891515862568287448673837212656989932627684941292986116584768561765567
115824017991378608375765843355910185681590217057960850984572914207894514022
772919635475129383055510554072117619724355155939729709518816651142552245848
476472075227321612963956796934884193500888633801990583834785554437086923852
624307177106522176081986902456090574849645493499983151446407415501768286647
731240707500077080667462126730744749460878310707316268633935706043036568216
135749473160794585626541357402626514344959872036259290651941005120883055934
751212139813472626248176385233870750246230686810087514241299947116589999987
682399392733156794493135916104918573698620029301581790897062539777964850059
597015511040173512024391748680153858098731639940698440513014213776070290568
275362160862096161881708587372984223380819505014003500657038446736581931076
676829660257357141951636041685802348166975687565765325470080997457208404775
834268281256253571654176676931266190404565030013330778083445538950370130491
255465739983500154580389204881908056617359318497591363742805414602050223977
694042480214692655220670918106315146523030834069604480989189106192425466799
161160615598709033741737080325741679358602587063677443500575244053681508374
291153380264456847831955773437385992589768873546319142290265331817033340255
519921054639894108019055400553010485174900519779754836657491860765965398714
680980560443856718327130380670507449145966397305032629901060167394212376752
548401024752361025633463797429802852352266063740516515816210088688870760967
280585434734945204770344384375626390061793551771219716876529200105362481692
183526575405890084833333445955614708178516548608341551901285151488152739886
314064795121564601553517396229328832322347916640865640735174364469895413518
896105251951708359755765064038954454542418301662633430003658355018025700389
733990132951930372713102428360071500412968280021646041433080352673009231906
576739455104098783958618706549175711329771925300984861851438784227143680338
939585308017093367413848661808773302088098403099129820819040515334250656546
342535538438638001920281695656940382910064135385372917332107505574783265154
314617404029068132925085766428330001810677845656800905457054980320179442766
597890079642697434428892568482012034612146506710044067890170717009720191177
400386487488118461905254003820620561295044528905447198809704801639145131958
451960800910879309480012267023208940560494461916552120793189911105614364388
491579904771427026765736948088676050457883890261145865991469611054144602187
710243695212035450451520464900121481196676234809439912396349760159440200088
676218970992017685209200508018930906350211560086221020561020696948000703382
470206981540102430314870182275671013008902600154004161076041407927707693987
650781983470647648600629229902283182988199419945180059290311472534319596844
444104346228646885413865002138876169990070580044100208913126331025680914093
117302803628781115089231981300045994307503471749224183125244551319765491981
621928336163053950704110446060110464224001140051731199895440660912519970251
288929680631307293944736806607657015282538011150688464029969907056259529734
592231870290045331568441667982667117374414111684099786040010256129395719625
101789585556790067995488817041070727247567568434402779453457035748717034909
440418703627054409999097199427550728672536227752710736064178562611547667638
637145010554586419414030998991009671582329146957021596029395360017282208505
747305884702671483620313198812124887519104513080440404250661613934475548869
744258821911488288963364485865287125851957255244139968573381845496461233939
