45 18
555869884993943259
844704559617561758
609893260677371741
945999523834823255
327011477902163469
320935307855836595
281010922600012307
878366507765419289
305715392805938061
515418593397947818
269583816325868814
606133881891990499
167019662300313495
643382156650639413
236797984683140748
128770339378768168
379475167305345552
627617620270871111
373353452143369189
824616974243227594
103355809934000527
622906984388979983
184435233518005845
948049193921676245
344722047933699618
397677432981876645
778860839551204879
878845533924770133
886152231931702458
847348793171294882
228822756127013221
711027223763323532
866080681486896216
719292847732145774
153387209372797078
427535706949174121
591811546910145842
570094991976339963
770422848297443218
713269362368515995
852621231929551517
716574891942178007
313475767364636025
993396128043501357
799897685758836419
