87 76
2381828783931184291495162576263679213133589431752716718158359622717854119599
8100713670200721501780938019310504400395371410178104030352100004599601321125
3537601840804789095866060760437302338080061170053550313855784414094020349805
8307000230861243802609757208510035563970352669051224119709028083140990089457
6506804945000033440088714009003057649283809003090593290003183711309023090964
6460424501721056100656910070280900006050696802105200625800310001820042670513
2607939800664415093084900101000778397535151050009370190906707100090682494037
6131441866095440697240990030232790202400491060552000108032001240975809703045
3302025203878484574200615577010073962365905090049706045549698160357000229939
7900105955701778464991155050006180452547963024876800180096446692970630097508
9080004105670730870830605528266008407103066040382548618682680186806034510024
6360600244605330177005200234803633084509690602708082010122623165168001084202
8207003921575779064076340004037495219082690101054704097066706900011600096428
8550077414323698110103258619030600081410210079044868626209907673281061240005
7640002070004940930687139100425845506844163000180030602903090851611206099652
1940500907691505416707026433709012359835040488280907021400656030130337348965
8497300000567010086736753442014290022753970037600112898084903461039845007301
8507571200410090009009192790602492490803064782605101608156035787999260621598
4020205544805060304841102679470946100038006388785323594599858004344076307906
6933260301700775240738786046360803043035002000641270986544603781000350668316
6824503744831653814031502707703470477106202026605501818063072009605720430192
8084853397580218084870001970020466408508986840970603533395509144348830336433
6814500234977062080005088955245088849700500206004001516903600010095011046833
2041514399015937400655146031630615294914035455080000080700833908800110008669
8300249846805046983823137002189065000645089703970603006072350039608016001532
1209580400165078070046309084900600806014870045060437296014032020510639035609
8300262210676980753857369662041018000998740009018754650203608200780840022142
1029900308096197810795211700973329007383200000240307015080073475113004710428
1165928077020800958149901191092460567870011974875117063063000969570650102462
9081707882550960910002429835212652150603516080320943535562988507003100598733
7060300103975091157070739235049588300604685203049616283500669601992052581604
7757200267596404591049650711300040741717001507365404036310650815092848092025
6790309271118388226620312510337045261900399000014003024100902095075039210077
1407023798176712843644100642008081283673303420200200400103966202522280851907
1204253047580012810200681770383370053337408506906137007909040538023604372264
5022669403007004800208820239002100661578007771909210920006303310201580268496
5449005045000890500050103030025289071376846076834642010908776270036045485186
4006480004008406427913000000531064368555340905000778275037619092941665096003
2047189300580250240073010049642300527007540601098632300008289623328321049739
2161349800983630167007582681244070028093320654811900207040459470904430070074
3208010000256285607886205662517862809085300031300043709711702675263070418304
6995510000996716252093960002871964080666057320436000086750540527504201900072
3009369033054534702065191750116074010050906080020000365715013582060694841655
1103990403590062649286690912587882000039300518430981145009050230047090328009
4041129502104004909108367853305800923616457436000394996284476902020039260537
1346244000105031876073432428550070760534352340939000626600062520008298040551
5607070400220653808024301957004279061200018002371902606718345609954703150504
9105473588044252010800570042022870802501966451033937109131850090240382044542
6306091855034453330607806952819958060008394500009019507033054508010789970983
9604665590587077589003459339110720085306280319396400000080855003000030370741
9672218094595030056561066034631038781902200003190201717361500034025088808033
7005055076123492030250505773669730940611170100204500746040480703820400363541
9154780003060534606500400142360180041468509160232078980881771740083040000105
5673455950802716340606803315337018054403805000074009403004797042201612615687
9670079847105737090402060768089404024050030701797678428352524520470828003908
6573507980500358080906098606409320624431668001623900070190019245491348050744
7090630660408494061740230240761750600054000928258942615064026237898337005793
4540877507005708661642154470180370308157522277300102903285904578005504020169
7078070300538099052805402490863098403201023350092180009070715305498003019208
9099398049980122280071054886400040062319603837010059045530203050001545537372
7704341405658100606009705082130609681922000009502283830032703819090860147608
9003079819587202299802151027841906696040809047326300100043215485079477063365
7020010906508449080333505730917321445801012858287408432005004020205109007096
3230323060855000385603719110020000841001331219804823080252276801561731480913
3061795032910902066280801040109935830608002272520106200005628793572005768033
5991083411700022051738700860670435240108409846569504077700922001510015701664
1146401657000029425828275819403214245153657206764600439894003840636313433546
3500059037508069032121791112000093805007394126370800623023520007401092607904
7308467452968195125680164094006000288847309190501919940200504613404343007001
6101901400657956138650219950161863613536970171910901111413018457060793720906
4203309060760497413001012831841483809400700600057548700008969086010507613748
5230600597055350562890054077041580760092433806044780388702753137026901820103
2026325840446053024958082023090704080984005165845320333626306610010459449013
3013497010752027721695909350098860201040680720805508294911590420509970328622
9635240189300214006612030800184023951502289034009441507490017827614224360728
2044485073002900190595480296400903098305872903294059837005572593412604640718
6020823342400106061036100010364060098042021352040312926504180451694005909956
6570218526058043000600700151100098315680856500105982301048171700170082096909
6471431289920009371833010627618917643806400542853470880523296940280248112032
7878882060643500500402490909863617670200083225098580618278000861054101040071
7050470315950914076033684477840877800520107679307001711065071940040381802047
2740105006587093248110004001000118588054504016000870020935508589090083018285
3076914088600290086738016816047297596300904893169294000000560558082304713705
1988762815908312093140130088892601171604144310854806887010404544092067030504
5978001370900707084366685001224478099300760043460700479917461890020710220764
5380423174378380403900680022198050570804903254362775450099900959460742707003
6425963347485798459544611151573513244561939644356993994749812184478626914111
