81 16
3453895498112917
5490024907000902
8500900002750602
7435405327205602
1502890018356003
2700070700900078
1250526725366244
4220009703907482
1077300603307002
3700025303100002
1691739017567785
1206007300306975
4384401869404011
5090064000101206
1509004090094046
2449390493040558
5708000059400604
8316040060790011
8329404505960708
2533801810721835
6146000010045671
5066402440803916
3904018903184059
5376663008540701
7096016200200301
3363100012032614
2907116000067228
6580954930169003
3200564860007125
8002009021203035
5185014002827926
4094060000724081
6384030660950022
6000408201440065
6003600408006006
5980003063343407
9005009790000004
3092070009067014
8500068710004503
8270090491607004
2097905339096068
8420540020800062
6012039800007309
7011456006260942
9760100050030324
1030000720003508
2700837425559031
4050008000000037
8094000540200568
9510000409050044
5070020450400083
7810032600987009
5401740200090805
2068006104880119
1097004007038008
5530900701768661
3070280901540263
8954000707110802
1786020014058007
2408107080292502
6603900515824993
8570009207760005
5831020508308013
2021920901760508
8780630204800605
5039064710000376
1477640862720089
8436053800030924
4734856200002041
9614050143800024
2302104580000442
3001590000460084
7400120065060844
7030409017398625
3000500004437053
7050000821048604
4079080707400724
6706009104000014
4063942296309806
4870020809000806
9134194378773941
